130.0 40.0 0
131.0 40.0 0
132.0 40.0 0
133.0 40.0 0
118.0 41.0 0
119.0 41.0 0
126.0 41.0 0
127.0 41.0 0
108.0 43.0 0
109.0 43.0 0
116.0 43.0 0
117.0 43.0 0
118.0 43.0 0
120.0 43.0 0
121.0 43.0 0
122.0 43.0 0
126.0 43.0 0
127.0 43.0 0
128.0 43.0 0
129.0 43.0 0
130.0 43.0 0
131.0 43.0 0
136.0 43.0 0
137.0 43.0 0
138.0 43.0 0
139.0 43.0 0
140.0 43.0 0
141.0 43.0 0
146.0 43.0 0
147.0 43.0 0
154.0 43.0 0
155.0 43.0 0
162.0 43.0 0
163.0 43.0 0
106.0 44.0 0
107.0 44.0 0
108.0 44.0 0
110.0 44.0 0
111.0 44.0 0
112.0 44.0 0
113.0 44.0 0
114.0 44.0 0
115.0 44.0 0
116.0 44.0 0
117.0 44.0 0
124.0 44.0 0
125.0 44.0 0
126.0 44.0 0
127.0 44.0 0
128.0 44.0 0
129.0 44.0 0
132.0 44.0 0
133.0 44.0 0
154.0 44.0 0
155.0 44.0 0
156.0 44.0 0
157.0 44.0 0
158.0 44.0 0
159.0 44.0 0
162.0 44.0 0
163.0 44.0 0
164.0 44.0 0
165.0 44.0 0
166.0 44.0 0
167.0 44.0 0
106.0 45.0 0
107.0 45.0 0
108.0 45.0 0
109.0 45.0 0
112.0 45.0 0
113.0 45.0 0
114.0 45.0 0
115.0 45.0 0
116.0 45.0 0
117.0 45.0 0
160.0 45.0 0
161.0 45.0 0
162.0 45.0 0
163.0 45.0 0
164.0 45.0 0
165.0 45.0 0
106.0 46.0 0
107.0 46.0 0
108.0 46.0 0
104.0 47.0 0
107.0 47.0 0
108.0 47.0 0
109.0 47.0 0
110.0 47.0 0
111.0 47.0 0
112.0 47.0 0
113.0 47.0 0
98.0 48.0 0
99.0 48.0 0
104.0 48.0 0
105.0 48.0 0
106.0 48.0 0
107.0 48.0 0
108.0 48.0 0
109.0 48.0 0
110.0 48.0 0
111.0 48.0 0
136.0 48.0 0
137.0 48.0 0
173.0 48.0 0
175.0 48.0 0
180.0 48.0 0
181.0 48.0 0
182.0 48.0 0
183.0 48.0 0
184.0 48.0 0
95.0 49.0 0
96.0 49.0 0
97.0 49.0 0
98.0 49.0 0
99.0 49.0 0
100.0 49.0 0
101.0 49.0 0
103.0 49.0 0
104.0 49.0 0
105.0 49.0 0
106.0 49.0 0
107.0 49.0 0
108.0 49.0 0
123.0 49.0 0
124.0 49.0 0
125.0 49.0 0
126.0 49.0 0
127.0 49.0 0
128.0 49.0 0
129.0 49.0 0
130.0 49.0 0
131.0 49.0 0
138.0 49.0 0
139.0 49.0 0
140.0 49.0 0
141.0 49.0 0
142.0 49.0 0
143.0 49.0 0
144.0 49.0 0
147.0 49.0 0
148.0 49.0 0
149.0 49.0 0
169.0 49.0 0
170.0 49.0 0
171.0 49.0 0
172.0 49.0 0
173.0 49.0 0
178.0 49.0 0
179.0 49.0 0
180.0 49.0 0
181.0 49.0 0
182.0 49.0 0
183.0 49.0 0
184.0 49.0 0
185.0 49.0 0
186.0 49.0 0
90.0 51.0 0
91.0 51.0 0
96.0 51.0 0
97.0 51.0 0
102.0 51.0 0
103.0 51.0 0
105.0 51.0 0
106.0 51.0 0
107.0 51.0 0
109.0 51.0 0
110.0 51.0 0
111.0 51.0 0
112.0 51.0 0
113.0 51.0 0
123.0 51.0 0
151.0 51.0 0
152.0 51.0 0
153.0 51.0 0
155.0 51.0 0
157.0 51.0 0
158.0 51.0 0
159.0 51.0 0
160.0 51.0 0
161.0 51.0 0
162.0 51.0 0
163.0 51.0 0
172.0 51.0 0
173.0 51.0 0
174.0 51.0 0
175.0 51.0 0
176.0 51.0 0
177.0 51.0 0
178.0 51.0 0
179.0 51.0 0
180.0 51.0 0
182.0 51.0 0
183.0 51.0 0
184.0 51.0 0
185.0 51.0 0
186.0 51.0 0
187.0 51.0 0
88.0 52.0 0
89.0 52.0 0
92.0 52.0 0
93.0 52.0 0
108.0 52.0 0
109.0 52.0 0
110.0 52.0 0
161.0 52.0 0
164.0 52.0 0
169.0 52.0 0
174.0 52.0 0
175.0 52.0 0
176.0 52.0 0
179.0 52.0 0
84.0 53.0 0
85.0 53.0 0
90.0 53.0 0
91.0 53.0 0
92.0 53.0 0
96.0 53.0 0
97.0 53.0 0
99.0 53.0 0
101.0 53.0 0
104.0 53.0 0
105.0 53.0 0
106.0 53.0 0
107.0 53.0 0
108.0 53.0 0
181.0 53.0 0
183.0 53.0 0
194.0 53.0 0
195.0 53.0 0
115.0 54.0 0
116.0 54.0 0
135.0 54.0 0
138.0 54.0 0
139.0 54.0 0
144.0 54.0 0
147.0 54.0 0
149.0 54.0 0
150.0 54.0 0
153.0 54.0 0
155.0 54.0 0
156.0 54.0 0
157.0 54.0 0
158.0 54.0 0
159.0 54.0 0
162.0 54.0 0
165.0 54.0 0
81.0 55.0 0
82.0 55.0 0
85.0 55.0 0
86.0 55.0 0
87.0 55.0 0
98.0 55.0 0
99.0 55.0 0
100.0 55.0 0
189.0 55.0 0
190.0 55.0 0
191.0 55.0 0
78.0 56.0 0
79.0 56.0 0
80.0 56.0 0
81.0 56.0 0
86.0 56.0 0
87.0 56.0 0
88.0 56.0 0
89.0 56.0 0
94.0 56.0 0
95.0 56.0 0
96.0 56.0 0
97.0 56.0 0
108.0 56.0 0
109.0 56.0 0
145.0 56.0 0
76.0 57.0 0
80.0 57.0 0
81.0 57.0 0
86.0 57.0 0
87.0 57.0 0
88.0 57.0 0
89.0 57.0 0
90.0 57.0 0
91.0 57.0 0
92.0 57.0 0
93.0 57.0 0
144.0 57.0 0
145.0 57.0 0
146.0 57.0 0
147.0 57.0 0
148.0 57.0 0
149.0 57.0 0
195.0 57.0 0
166.0 58.0 0
167.0 58.0 0
174.0 58.0 0
175.0 58.0 0
180.0 58.0 0
181.0 58.0 0
185.0 58.0 0
77.0 59.0 0
78.0 59.0 0
79.0 59.0 0
80.0 59.0 0
81.0 59.0 0
82.0 59.0 0
83.0 59.0 0
84.0 59.0 0
85.0 59.0 0
90.0 59.0 0
130.0 59.0 0
131.0 59.0 0
132.0 59.0 0
133.0 59.0 0
135.0 59.0 0
136.0 59.0 0
146.0 59.0 0
147.0 59.0 0
148.0 59.0 0
151.0 59.0 0
152.0 59.0 0
153.0 59.0 0
78.0 60.0 0
79.0 60.0 0
84.0 60.0 0
85.0 60.0 0
126.0 60.0 0
130.0 60.0 0
132.0 60.0 0
133.0 60.0 0
134.0 60.0 0
135.0 60.0 0
136.0 60.0 0
137.0 60.0 0
148.0 60.0 0
151.0 60.0 0
84.0 61.0 0
85.0 61.0 0
86.0 61.0 0
171.0 61.0 0
173.0 61.0 0
174.0 61.0 0
175.0 61.0 0
176.0 61.0 0
177.0 61.0 0
193.0 61.0 0
194.0 61.0 0
195.0 61.0 0
196.0 61.0 0
197.0 61.0 0
198.0 61.0 0
76.0 62.0 0
77.0 62.0 0
80.0 62.0 0
81.0 62.0 0
126.0 62.0 0
127.0 62.0 0
128.0 62.0 0
129.0 62.0 0
135.0 62.0 0
136.0 62.0 0
137.0 62.0 0
138.0 62.0 0
139.0 62.0 0
150.0 62.0 0
151.0 62.0 0
155.0 62.0 0
156.0 62.0 0
157.0 62.0 0
166.0 62.0 0
167.0 62.0 0
168.0 62.0 0
74.0 63.0 0
75.0 63.0 0
76.0 63.0 0
77.0 63.0 0
109.0 63.0 0
138.0 63.0 0
139.0 63.0 0
140.0 63.0 0
141.0 63.0 0
142.0 63.0 0
143.0 63.0 0
150.0 63.0 0
156.0 63.0 0
157.0 63.0 0
166.0 63.0 0
167.0 63.0 0
168.0 63.0 0
203.0 63.0 0
206.0 63.0 0
207.0 63.0 0
66.0 64.0 0
67.0 64.0 0
68.0 64.0 0
69.0 64.0 0
74.0 64.0 0
75.0 64.0 0
90.0 64.0 0
91.0 64.0 0
140.0 64.0 0
141.0 64.0 0
142.0 64.0 0
143.0 64.0 0
156.0 64.0 0
157.0 64.0 0
158.0 64.0 0
159.0 64.0 0
166.0 64.0 0
167.0 64.0 0
168.0 64.0 0
169.0 64.0 0
178.0 64.0 0
208.0 64.0 0
78.0 65.0 0
79.0 65.0 0
80.0 65.0 0
186.0 65.0 0
187.0 65.0 0
190.0 65.0 0
199.0 65.0 0
202.0 65.0 0
203.0 65.0 0
63.0 66.0 0
64.0 66.0 0
65.0 66.0 0
66.0 66.0 0
67.0 66.0 0
68.0 66.0 0
69.0 66.0 0
70.0 66.0 0
71.0 66.0 0
72.0 66.0 0
87.0 66.0 0
88.0 66.0 0
104.0 66.0 0
105.0 66.0 0
106.0 66.0 0
107.0 66.0 0
108.0 66.0 0
155.0 66.0 0
156.0 66.0 0
157.0 66.0 0
158.0 66.0 0
159.0 66.0 0
160.0 66.0 0
161.0 66.0 0
164.0 66.0 0
165.0 66.0 0
166.0 66.0 0
167.0 66.0 0
168.0 66.0 0
169.0 66.0 0
179.0 66.0 0
180.0 66.0 0
59.0 67.0 0
60.0 67.0 0
62.0 67.0 0
63.0 67.0 0
64.0 67.0 0
65.0 67.0 0
70.0 67.0 0
71.0 67.0 0
86.0 67.0 0
102.0 67.0 0
103.0 67.0 0
104.0 67.0 0
105.0 67.0 0
106.0 67.0 0
141.0 67.0 0
142.0 67.0 0
156.0 67.0 0
157.0 67.0 0
158.0 67.0 0
159.0 67.0 0
160.0 67.0 0
161.0 67.0 0
162.0 67.0 0
163.0 67.0 0
165.0 67.0 0
166.0 67.0 0
167.0 67.0 0
168.0 67.0 0
169.0 67.0 0
210.0 67.0 0
59.0 68.0 0
60.0 68.0 0
61.0 68.0 0
62.0 68.0 0
63.0 68.0 0
64.0 68.0 0
65.0 68.0 0
66.0 68.0 0
67.0 68.0 0
99.0 68.0 0
100.0 68.0 0
101.0 68.0 0
102.0 68.0 0
142.0 68.0 0
143.0 68.0 0
157.0 68.0 0
158.0 68.0 0
159.0 68.0 0
160.0 68.0 0
161.0 68.0 0
162.0 68.0 0
163.0 68.0 0
164.0 68.0 0
165.0 68.0 0
166.0 68.0 0
167.0 68.0 0
168.0 68.0 0
169.0 68.0 0
180.0 68.0 0
181.0 68.0 0
190.0 68.0 0
210.0 68.0 0
211.0 68.0 0
212.0 68.0 0
213.0 68.0 0
214.0 68.0 0
72.0 69.0 0
73.0 69.0 0
74.0 69.0 0
77.0 69.0 0
78.0 69.0 0
79.0 69.0 0
60.0 70.0 0
61.0 70.0 0
80.0 70.0 0
81.0 70.0 0
82.0 70.0 0
97.0 70.0 0
98.0 70.0 0
99.0 70.0 0
100.0 70.0 0
101.0 70.0 0
104.0 70.0 0
105.0 70.0 0
154.0 70.0 0
155.0 70.0 0
156.0 70.0 0
157.0 70.0 0
164.0 70.0 0
165.0 70.0 0
166.0 70.0 0
167.0 70.0 0
179.0 70.0 0
181.0 70.0 0
182.0 70.0 0
186.0 70.0 0
187.0 70.0 0
188.0 70.0 0
189.0 70.0 0
194.0 70.0 0
216.0 70.0 0
217.0 70.0 0
58.0 71.0 0
59.0 71.0 0
60.0 71.0 0
61.0 71.0 0
62.0 71.0 0
63.0 71.0 0
79.0 71.0 0
80.0 71.0 0
81.0 71.0 0
96.0 71.0 0
97.0 71.0 0
98.0 71.0 0
99.0 71.0 0
100.0 71.0 0
101.0 71.0 0
104.0 71.0 0
105.0 71.0 0
106.0 71.0 0
107.0 71.0 0
154.0 71.0 0
155.0 71.0 0
158.0 71.0 0
159.0 71.0 0
160.0 71.0 0
161.0 71.0 0
165.0 71.0 0
166.0 71.0 0
167.0 71.0 0
168.0 71.0 0
182.0 71.0 0
183.0 71.0 0
185.0 71.0 0
193.0 71.0 0
194.0 71.0 0
195.0 71.0 0
197.0 71.0 0
55.0 72.0 0
56.0 72.0 0
57.0 72.0 0
58.0 72.0 0
59.0 72.0 0
60.0 72.0 0
61.0 72.0 0
62.0 72.0 0
78.0 72.0 0
79.0 72.0 0
93.0 72.0 0
156.0 72.0 0
157.0 72.0 0
158.0 72.0 0
159.0 72.0 0
160.0 72.0 0
161.0 72.0 0
166.0 72.0 0
167.0 72.0 0
168.0 72.0 0
169.0 72.0 0
182.0 72.0 0
183.0 72.0 0
184.0 72.0 0
185.0 72.0 0
194.0 72.0 0
195.0 72.0 0
196.0 72.0 0
197.0 72.0 0
219.0 72.0 0
67.0 73.0 0
68.0 73.0 0
69.0 73.0 0
70.0 73.0 0
71.0 73.0 0
90.0 74.0 0
91.0 74.0 0
108.0 74.0 0
125.0 74.0 -1
126.0 74.0 -1
127.0 74.0 -1
162.0 74.0 0
163.0 74.0 0
182.0 74.0 0
183.0 74.0 0
184.0 74.0 0
185.0 74.0 0
196.0 74.0 0
197.0 74.0 0
210.0 74.0 0
126.0 75.0 -1
127.0 75.0 -1
160.0 75.0 0
161.0 75.0 0
162.0 75.0 0
163.0 75.0 0
196.0 75.0 0
197.0 75.0 0
211.0 75.0 0
72.0 76.0 0
73.0 76.0 0
74.0 76.0 0
124.0 76.0 -1
125.0 76.0 -1
126.0 76.0 -1
127.0 76.0 -1
162.0 76.0 0
163.0 76.0 0
164.0 76.0 0
165.0 76.0 0
194.0 76.0 0
195.0 76.0 0
197.0 76.0 0
198.0 76.0 0
199.0 76.0 0
212.0 76.0 0
58.0 77.0 0
59.0 77.0 0
218.0 77.0 0
219.0 77.0 0
221.0 77.0 0
70.0 78.0 0
71.0 78.0 0
86.0 78.0 0
87.0 78.0 0
92.0 78.0 0
93.0 78.0 0
96.0 78.0 0
97.0 78.0 0
108.0 78.0 0
109.0 78.0 0
196.0 78.0 0
197.0 78.0 0
198.0 78.0 0
199.0 78.0 0
200.0 78.0 0
201.0 78.0 0
202.0 78.0 0
203.0 78.0 0
59.0 79.0 0
69.0 79.0 0
70.0 79.0 0
71.0 79.0 0
92.0 79.0 0
93.0 79.0 0
95.0 79.0 0
96.0 79.0 0
97.0 79.0 0
98.0 79.0 0
99.0 79.0 0
108.0 79.0 0
109.0 79.0 0
110.0 79.0 0
196.0 79.0 0
197.0 79.0 0
198.0 79.0 0
199.0 79.0 0
200.0 79.0 0
201.0 79.0 0
202.0 79.0 0
203.0 79.0 0
208.0 79.0 0
209.0 79.0 0
51.0 80.0 0
92.0 80.0 0
93.0 80.0 0
94.0 80.0 0
95.0 80.0 0
96.0 80.0 0
97.0 80.0 0
108.0 80.0 0
109.0 80.0 0
110.0 80.0 0
196.0 80.0 0
197.0 80.0 0
198.0 80.0 0
200.0 80.0 0
218.0 80.0 0
219.0 80.0 0
108.0 81.0 0
109.0 81.0 0
224.0 81.0 0
225.0 81.0 0
226.0 81.0 0
47.0 82.0 0
50.0 82.0 0
68.0 82.0 0
69.0 82.0 0
70.0 82.0 0
71.0 82.0 0
72.0 82.0 0
73.0 82.0 0
74.0 82.0 0
75.0 82.0 0
93.0 82.0 0
106.0 82.0 0
107.0 82.0 0
108.0 82.0 0
109.0 82.0 0
196.0 82.0 0
198.0 82.0 0
199.0 82.0 0
200.0 82.0 0
201.0 82.0 0
230.0 82.0 0
46.0 83.0 0
47.0 83.0 0
49.0 83.0 0
68.0 83.0 0
69.0 83.0 0
70.0 83.0 0
71.0 83.0 0
106.0 83.0 0
107.0 83.0 0
108.0 83.0 0
109.0 83.0 0
160.0 83.0 0
161.0 83.0 0
162.0 83.0 0
163.0 83.0 0
164.0 83.0 0
165.0 83.0 0
200.0 83.0 0
201.0 83.0 0
47.0 84.0 0
49.0 84.0 0
50.0 84.0 0
63.0 84.0 0
64.0 84.0 0
65.0 84.0 0
68.0 84.0 0
69.0 84.0 0
70.0 84.0 0
71.0 84.0 0
107.0 84.0 0
160.0 84.0 0
161.0 84.0 0
162.0 84.0 0
163.0 84.0 0
48.0 86.0 0
65.0 86.0 0
66.0 86.0 0
67.0 86.0 0
68.0 86.0 0
74.0 86.0 0
75.0 86.0 0
76.0 86.0 0
77.0 86.0 0
93.0 86.0 0
94.0 86.0 0
95.0 86.0 0
96.0 86.0 0
97.0 86.0 0
105.0 86.0 0
106.0 86.0 0
107.0 86.0 0
116.0 86.0 0
234.0 86.0 0
64.0 87.0 0
67.0 87.0 0
68.0 87.0 0
70.0 87.0 0
71.0 87.0 0
74.0 87.0 0
75.0 87.0 0
88.0 87.0 0
93.0 87.0 0
94.0 87.0 0
95.0 87.0 0
96.0 87.0 0
97.0 87.0 0
107.0 87.0 0
164.0 87.0 0
165.0 87.0 0
166.0 87.0 0
167.0 87.0 0
200.0 87.0 0
203.0 87.0 0
234.0 87.0 0
235.0 87.0 0
84.0 88.0 0
53.0 89.0 0
58.0 89.0 0
59.0 89.0 0
60.0 89.0 0
61.0 89.0 0
62.0 89.0 0
63.0 89.0 0
88.0 89.0 0
89.0 89.0 0
96.0 89.0 0
97.0 89.0 0
167.0 89.0 0
231.0 89.0 0
237.0 89.0 0
238.0 89.0 0
239.0 89.0 0
44.0 90.0 0
49.0 90.0 0
60.0 90.0 0
61.0 90.0 0
67.0 90.0 0
68.0 90.0 0
77.0 90.0 0
91.0 90.0 0
92.0 90.0 0
93.0 90.0 0
95.0 90.0 0
96.0 90.0 0
97.0 90.0 0
237.0 90.0 0
240.0 90.0 0
48.0 91.0 0
62.0 91.0 0
63.0 91.0 0
68.0 91.0 0
69.0 91.0 0
74.0 91.0 0
94.0 91.0 0
95.0 91.0 0
238.0 91.0 0
240.0 91.0 0
241.0 91.0 0
80.0 92.0 0
81.0 92.0 0
232.0 92.0 0
45.0 93.0 0
46.0 93.0 0
47.0 93.0 0
68.0 93.0 0
69.0 93.0 0
70.0 93.0 0
71.0 93.0 0
72.0 93.0 0
73.0 93.0 0
85.0 93.0 0
93.0 93.0 0
168.0 93.0 0
169.0 93.0 0
239.0 93.0 0
43.0 94.0 0
44.0 94.0 0
45.0 94.0 0
46.0 94.0 0
47.0 94.0 0
70.0 94.0 0
71.0 94.0 0
72.0 94.0 0
84.0 94.0 0
104.0 94.0 0
105.0 94.0 0
169.0 94.0 0
242.0 94.0 0
243.0 94.0 0
42.0 95.0 0
43.0 95.0 0
44.0 95.0 0
91.0 95.0 0
241.0 95.0 0
242.0 95.0 0
79.0 96.0 0
40.0 97.0 0
41.0 97.0 0
54.0 97.0 0
55.0 97.0 0
56.0 97.0 0
57.0 97.0 0
58.0 97.0 0
59.0 97.0 0
60.0 97.0 0
61.0 97.0 0
62.0 97.0 0
63.0 97.0 0
90.0 97.0 0
91.0 97.0 0
94.0 97.0 0
95.0 97.0 0
96.0 97.0 0
97.0 97.0 0
98.0 97.0 0
99.0 97.0 0
109.0 97.0 0
110.0 97.0 0
111.0 97.0 0
130.0 97.0 1
170.0 97.0 0
243.0 97.0 0
40.0 98.0 0
41.0 98.0 0
47.0 98.0 0
48.0 98.0 0
49.0 98.0 0
56.0 98.0 0
57.0 98.0 0
58.0 98.0 0
61.0 98.0 0
70.0 98.0 0
81.0 98.0 0
90.0 98.0 0
91.0 98.0 0
94.0 98.0 0
95.0 98.0 0
100.0 98.0 0
108.0 98.0 0
109.0 98.0 0
110.0 98.0 0
111.0 98.0 0
130.0 98.0 1
131.0 98.0 1
168.0 98.0 0
169.0 98.0 0
170.0 98.0 0
243.0 98.0 0
37.0 99.0 0
39.0 99.0 0
40.0 99.0 0
48.0 99.0 0
49.0 99.0 0
56.0 99.0 0
57.0 99.0 0
58.0 99.0 0
59.0 99.0 0
61.0 99.0 0
81.0 99.0 0
94.0 99.0 0
95.0 99.0 0
107.0 99.0 0
108.0 99.0 0
109.0 99.0 0
110.0 99.0 0
111.0 99.0 0
129.0 99.0 1
130.0 99.0 1
131.0 99.0 1
238.0 100.0 0
36.0 101.0 0
38.0 101.0 0
54.0 101.0 0
55.0 101.0 0
60.0 101.0 0
61.0 101.0 0
62.0 101.0 0
63.0 101.0 0
87.0 101.0 0
88.0 101.0 0
89.0 101.0 0
94.0 101.0 0
95.0 101.0 0
100.0 101.0 0
101.0 101.0 0
102.0 101.0 0
103.0 101.0 0
106.0 101.0 0
107.0 101.0 0
108.0 101.0 0
127.0 101.0 1
128.0 101.0 1
129.0 101.0 1
130.0 101.0 1
131.0 101.0 1
246.0 101.0 0
35.0 102.0 0
36.0 102.0 0
86.0 102.0 0
87.0 102.0 0
88.0 102.0 0
89.0 102.0 0
90.0 102.0 0
91.0 102.0 0
93.0 102.0 0
94.0 102.0 0
95.0 102.0 0
96.0 102.0 0
97.0 102.0 0
98.0 102.0 0
99.0 102.0 0
100.0 102.0 0
101.0 102.0 0
102.0 102.0 0
103.0 102.0 0
246.0 102.0 0
36.0 103.0 0
52.0 103.0 0
54.0 103.0 0
55.0 103.0 0
62.0 103.0 0
63.0 103.0 0
86.0 103.0 0
87.0 103.0 0
88.0 103.0 0
89.0 103.0 0
93.0 103.0 0
94.0 103.0 0
95.0 103.0 0
96.0 103.0 0
97.0 103.0 0
98.0 103.0 0
100.0 103.0 0
101.0 103.0 0
102.0 103.0 0
103.0 103.0 0
105.0 103.0 0
247.0 103.0 0
36.0 104.0 0
34.0 105.0 0
35.0 105.0 0
36.0 105.0 0
64.0 105.0 0
65.0 105.0 0
66.0 105.0 0
67.0 105.0 0
70.0 105.0 0
94.0 105.0 0
95.0 105.0 0
100.0 105.0 0
101.0 105.0 0
102.0 105.0 0
103.0 105.0 0
104.0 105.0 0
105.0 105.0 0
108.0 105.0 0
112.0 105.0 0
113.0 105.0 0
125.0 105.0 1
36.0 106.0 0
44.0 106.0 0
45.0 106.0 0
58.0 106.0 0
59.0 106.0 0
62.0 106.0 0
63.0 106.0 0
66.0 106.0 0
67.0 106.0 0
68.0 106.0 0
77.0 106.0 0
92.0 106.0 0
93.0 106.0 0
94.0 106.0 0
95.0 106.0 0
106.0 106.0 0
107.0 106.0 0
108.0 106.0 0
113.0 106.0 0
114.0 106.0 0
126.0 106.0 1
127.0 106.0 1
128.0 106.0 1
35.0 107.0 0
44.0 107.0 0
45.0 107.0 0
56.0 107.0 0
57.0 107.0 0
62.0 107.0 0
63.0 107.0 0
88.0 107.0 0
89.0 107.0 0
92.0 107.0 0
93.0 107.0 0
94.0 107.0 0
96.0 107.0 0
97.0 107.0 0
108.0 107.0 0
109.0 107.0 0
114.0 107.0 0
33.0 109.0 0
34.0 109.0 0
46.0 109.0 0
47.0 109.0 0
48.0 109.0 0
49.0 109.0 0
54.0 109.0 0
55.0 109.0 0
56.0 109.0 0
57.0 109.0 0
60.0 109.0 0
61.0 109.0 0
62.0 109.0 0
63.0 109.0 0
64.0 109.0 0
75.0 109.0 0
82.0 109.0 0
88.0 109.0 0
89.0 109.0 0
90.0 109.0 0
91.0 109.0 0
92.0 109.0 0
93.0 109.0 0
94.0 109.0 0
95.0 109.0 0
96.0 109.0 0
102.0 109.0 0
103.0 109.0 0
104.0 109.0 0
105.0 109.0 0
106.0 109.0 0
107.0 109.0 0
108.0 109.0 0
109.0 109.0 0
110.0 109.0 0
111.0 109.0 0
33.0 110.0 0
52.0 110.0 0
53.0 110.0 0
54.0 110.0 0
55.0 110.0 0
56.0 110.0 0
57.0 110.0 0
58.0 110.0 0
59.0 110.0 0
60.0 110.0 0
61.0 110.0 0
62.0 110.0 0
63.0 110.0 0
64.0 110.0 0
74.0 110.0 0
75.0 110.0 0
82.0 110.0 0
83.0 110.0 0
89.0 110.0 0
90.0 110.0 0
91.0 110.0 0
92.0 110.0 0
93.0 110.0 0
94.0 110.0 0
95.0 110.0 0
102.0 110.0 0
103.0 110.0 0
104.0 110.0 0
105.0 110.0 0
108.0 110.0 0
109.0 110.0 0
33.0 111.0 0
34.0 111.0 0
44.0 111.0 0
45.0 111.0 0
54.0 111.0 0
55.0 111.0 0
58.0 111.0 0
59.0 111.0 0
60.0 111.0 0
61.0 111.0 0
62.0 111.0 0
63.0 111.0 0
74.0 111.0 0
75.0 111.0 0
88.0 111.0 0
89.0 111.0 0
102.0 111.0 0
108.0 111.0 0
109.0 111.0 0
39.0 112.0 0
40.0 112.0 0
42.0 113.0 0
44.0 113.0 0
45.0 113.0 0
56.0 113.0 0
57.0 113.0 0
58.0 113.0 0
59.0 113.0 0
60.0 113.0 0
61.0 113.0 0
62.0 113.0 0
63.0 113.0 0
102.0 113.0 0
103.0 113.0 0
43.0 114.0 0
44.0 114.0 0
45.0 114.0 0
46.0 114.0 0
47.0 114.0 0
50.0 114.0 0
51.0 114.0 0
62.0 114.0 0
63.0 114.0 0
66.0 114.0 0
72.0 114.0 0
96.0 114.0 0
97.0 114.0 0
98.0 114.0 0
99.0 114.0 0
102.0 114.0 0
103.0 114.0 0
104.0 114.0 0
105.0 114.0 0
106.0 114.0 0
107.0 114.0 0
108.0 114.0 0
109.0 114.0 0
110.0 114.0 0
111.0 114.0 0
112.0 114.0 0
113.0 114.0 0
253.0 114.0 2
31.0 115.0 0
41.0 115.0 0
42.0 115.0 0
43.0 115.0 0
44.0 115.0 0
45.0 115.0 0
46.0 115.0 0
47.0 115.0 0
58.0 115.0 0
59.0 115.0 0
60.0 115.0 0
61.0 115.0 0
62.0 115.0 0
63.0 115.0 0
94.0 115.0 0
95.0 115.0 0
100.0 115.0 0
101.0 115.0 0
102.0 115.0 0
106.0 115.0 0
107.0 115.0 0
108.0 115.0 0
109.0 115.0 0
110.0 115.0 0
111.0 115.0 0
112.0 115.0 0
113.0 115.0 0
114.0 115.0 0
115.0 115.0 0
248.0 115.0 2
249.0 115.0 2
251.0 115.0 2
252.0 115.0 2
253.0 115.0 2
254.0 115.0 2
29.0 116.0 0
31.0 116.0 0
40.0 117.0 0
41.0 117.0 0
42.0 117.0 0
43.0 117.0 0
44.0 117.0 0
45.0 117.0 0
48.0 117.0 0
49.0 117.0 0
56.0 117.0 0
57.0 117.0 0
58.0 117.0 0
61.0 117.0 0
62.0 117.0 0
63.0 117.0 0
64.0 117.0 0
65.0 117.0 0
66.0 117.0 0
68.0 117.0 0
69.0 117.0 0
70.0 117.0 0
71.0 117.0 0
76.0 117.0 0
77.0 117.0 0
100.0 117.0 0
101.0 117.0 0
102.0 117.0 0
103.0 117.0 0
104.0 117.0 0
109.0 117.0 0
113.0 117.0 0
248.0 117.0 2
251.0 117.0 2
255.0 117.0 2
29.0 118.0 0
40.0 118.0 0
41.0 118.0 0
42.0 118.0 0
43.0 118.0 0
44.0 118.0 0
45.0 118.0 0
49.0 118.0 0
56.0 118.0 0
57.0 118.0 0
58.0 118.0 0
59.0 118.0 0
62.0 118.0 0
66.0 118.0 0
67.0 118.0 0
70.0 118.0 0
77.0 118.0 0
98.0 118.0 0
99.0 118.0 0
100.0 118.0 0
101.0 118.0 0
102.0 118.0 0
103.0 118.0 0
104.0 118.0 0
109.0 118.0 0
252.0 118.0 2
30.0 120.0 0
31.0 120.0 0
44.0 120.0 0
45.0 120.0 0
46.0 120.0 0
47.0 120.0 0
48.0 120.0 0
49.0 120.0 0
50.0 120.0 0
51.0 120.0 0
52.0 120.0 0
53.0 120.0 0
54.0 120.0 0
55.0 120.0 0
56.0 120.0 0
57.0 120.0 0
58.0 120.0 0
59.0 120.0 0
60.0 120.0 0
61.0 120.0 0
64.0 120.0 0
65.0 120.0 0
66.0 120.0 0
67.0 120.0 0
70.0 120.0 0
73.0 120.0 0
77.0 120.0 0
98.0 120.0 0
99.0 120.0 0
108.0 120.0 0
109.0 120.0 0
110.0 120.0 0
113.0 120.0 0
114.0 120.0 0
115.0 120.0 0
248.0 120.0 2
249.0 120.0 2
250.0 120.0 2
251.0 120.0 2
256.0 120.0 2
30.0 121.0 0
50.0 121.0 0
51.0 121.0 0
52.0 121.0 0
53.0 121.0 0
57.0 121.0 0
58.0 121.0 0
59.0 121.0 0
60.0 121.0 0
61.0 121.0 0
72.0 121.0 0
73.0 121.0 0
108.0 121.0 0
109.0 121.0 0
113.0 121.0 0
114.0 121.0 0
116.0 121.0 0
117.0 121.0 0
256.0 121.0 2
38.0 122.0 0
39.0 122.0 0
50.0 122.0 0
51.0 122.0 0
52.0 122.0 0
53.0 122.0 0
54.0 122.0 0
55.0 122.0 0
56.0 122.0 0
57.0 122.0 0
66.0 122.0 0
67.0 122.0 0
68.0 122.0 0
69.0 122.0 0
70.0 122.0 0
71.0 122.0 0
94.0 122.0 0
95.0 122.0 0
114.0 122.0 0
115.0 122.0 0
116.0 122.0 0
117.0 122.0 0
118.0 122.0 0
256.0 122.0 2
257.0 122.0 2
34.0 123.0 0
37.0 124.0 0
48.0 124.0 0
49.0 124.0 0
50.0 124.0 0
51.0 124.0 0
58.0 124.0 0
59.0 124.0 0
60.0 124.0 0
61.0 124.0 0
64.0 124.0 0
65.0 124.0 0
66.0 124.0 0
67.0 124.0 0
68.0 124.0 0
69.0 124.0 0
104.0 124.0 0
112.0 124.0 0
113.0 124.0 0
114.0 124.0 0
115.0 124.0 0
116.0 124.0 0
117.0 124.0 0
257.0 124.0 2
37.0 125.0 0
50.0 125.0 0
51.0 125.0 0
62.0 125.0 0
63.0 125.0 0
64.0 125.0 0
65.0 125.0 0
66.0 125.0 0
67.0 125.0 0
68.0 125.0 0
69.0 125.0 0
111.0 125.0 0
112.0 125.0 0
113.0 125.0 0
114.0 125.0 0
115.0 125.0 0
116.0 125.0 0
117.0 125.0 0
257.0 125.0 2
36.0 126.0 0
37.0 126.0 0
55.0 126.0 0
56.0 126.0 0
57.0 126.0 0
58.0 126.0 0
59.0 126.0 0
60.0 126.0 0
61.0 126.0 0
62.0 126.0 0
63.0 126.0 0
64.0 126.0 0
65.0 126.0 0
66.0 126.0 0
69.0 126.0 0
111.0 126.0 0
112.0 126.0 0
113.0 126.0 0
114.0 126.0 0
115.0 126.0 0
257.0 126.0 2
28.0 127.0 0
252.0 127.0 2
253.0 127.0 2
254.0 127.0 2
255.0 127.0 2
26.0 128.0 0
27.0 128.0 0
36.0 128.0 0
37.0 128.0 0
38.0 128.0 0
39.0 128.0 0
46.0 128.0 0
47.0 128.0 0
56.0 128.0 0
57.0 128.0 0
58.0 128.0 0
59.0 128.0 0
60.0 128.0 0
61.0 128.0 0
62.0 128.0 0
63.0 128.0 0
64.0 128.0 0
65.0 128.0 0
66.0 128.0 0
67.0 128.0 0
68.0 128.0 0
108.0 128.0 0
112.0 128.0 0
113.0 128.0 0
115.0 128.0 0
257.0 128.0 2
27.0 129.0 0
28.0 129.0 0
36.0 129.0 0
37.0 129.0 0
44.0 129.0 0
45.0 129.0 0
46.0 129.0 0
47.0 129.0 0
48.0 129.0 0
49.0 129.0 0
56.0 129.0 0
57.0 129.0 0
58.0 129.0 0
59.0 129.0 0
60.0 129.0 0
61.0 129.0 0
62.0 129.0 0
63.0 129.0 0
64.0 129.0 0
65.0 129.0 0
108.0 129.0 0
111.0 129.0 0
112.0 129.0 0
113.0 129.0 0
257.0 129.0 2
28.0 130.0 0
44.0 130.0 0
45.0 130.0 0
46.0 130.0 0
47.0 130.0 0
48.0 130.0 0
49.0 130.0 0
50.0 130.0 0
51.0 130.0 0
56.0 130.0 0
57.0 130.0 0
58.0 130.0 0
59.0 130.0 0
60.0 130.0 0
61.0 130.0 0
62.0 130.0 0
63.0 130.0 0
64.0 130.0 0
65.0 130.0 0
66.0 130.0 0
67.0 130.0 0
110.0 130.0 0
111.0 130.0 0
257.0 130.0 2
30.0 131.0 0
27.0 132.0 0
46.0 132.0 0
47.0 132.0 0
62.0 132.0 0
63.0 132.0 0
64.0 132.0 0
65.0 132.0 0
66.0 132.0 0
71.0 132.0 0
25.0 133.0 0
27.0 133.0 0
28.0 133.0 0
48.0 133.0 0
49.0 133.0 0
62.0 133.0 0
63.0 133.0 0
64.0 133.0 0
65.0 133.0 0
66.0 133.0 0
67.0 133.0 0
27.0 134.0 0
48.0 134.0 0
49.0 134.0 0
62.0 134.0 0
63.0 134.0 0
64.0 134.0 0
65.0 134.0 0
66.0 134.0 0
253.0 134.0 2
29.0 135.0 0
58.0 135.0 0
59.0 135.0 0
61.0 135.0 0
250.0 135.0 2
27.0 136.0 0
40.0 136.0 0
41.0 136.0 0
42.0 136.0 0
43.0 136.0 0
44.0 136.0 0
58.0 136.0 0
59.0 136.0 0
60.0 136.0 0
61.0 136.0 0
62.0 136.0 0
63.0 136.0 0
102.0 136.0 0
103.0 136.0 0
251.0 136.0 2
252.0 136.0 2
255.0 136.0 2
27.0 137.0 0
40.0 137.0 0
41.0 137.0 0
68.0 137.0 0
69.0 137.0 0
104.0 137.0 0
105.0 137.0 0
26.0 138.0 0
27.0 138.0 0
46.0 138.0 0
114.0 138.0 0
115.0 138.0 0
25.0 140.0 0
46.0 140.0 0
47.0 140.0 0
69.0 140.0 0
26.0 141.0 0
44.0 141.0 0
45.0 141.0 0
46.0 141.0 0
47.0 141.0 0
48.0 141.0 0
49.0 141.0 0
60.0 141.0 0
61.0 141.0 0
240.0 141.0 3
241.0 141.0 3
26.0 142.0 0
27.0 142.0 0
42.0 142.0 0
43.0 142.0 0
44.0 142.0 0
45.0 142.0 0
48.0 142.0 0
60.0 142.0 0
61.0 142.0 0
65.0 142.0 0
68.0 142.0 0
69.0 142.0 0
110.0 142.0 0
111.0 142.0 0
114.0 142.0 0
30.0 143.0 0
26.0 144.0 0
27.0 144.0 0
36.0 144.0 0
38.0 144.0 0
39.0 144.0 0
40.0 144.0 0
41.0 144.0 0
48.0 144.0 0
62.0 144.0 0
63.0 144.0 0
67.0 144.0 0
68.0 144.0 0
110.0 144.0 0
111.0 144.0 0
112.0 144.0 0
113.0 144.0 0
114.0 144.0 0
116.0 144.0 0
117.0 144.0 0
220.0 144.0 3
221.0 144.0 3
26.0 145.0 0
36.0 145.0 0
58.0 145.0 0
59.0 145.0 0
66.0 145.0 0
67.0 145.0 0
68.0 145.0 0
240.0 145.0 3
241.0 145.0 3
26.0 146.0 0
27.0 146.0 0
33.0 146.0 0
34.0 146.0 0
35.0 146.0 0
36.0 146.0 0
39.0 146.0 0
40.0 146.0 0
41.0 146.0 0
56.0 146.0 0
57.0 146.0 0
58.0 146.0 0
59.0 146.0 0
60.0 146.0 0
63.0 146.0 0
64.0 146.0 0
65.0 146.0 0
66.0 146.0 0
67.0 146.0 0
222.0 146.0 3
223.0 146.0 3
24.0 148.0 0
25.0 148.0 0
26.0 148.0 0
27.0 148.0 0
33.0 148.0 0
36.0 148.0 0
56.0 148.0 0
57.0 148.0 0
64.0 148.0 0
65.0 148.0 0
92.0 148.0 4
93.0 148.0 4
220.0 148.0 3
221.0 148.0 3
222.0 148.0 3
223.0 148.0 3
24.0 149.0 0
25.0 149.0 0
26.0 149.0 0
32.0 149.0 0
33.0 149.0 0
36.0 149.0 0
37.0 149.0 0
54.0 149.0 0
55.0 149.0 0
56.0 149.0 0
57.0 149.0 0
92.0 149.0 4
112.0 149.0 0
113.0 149.0 0
114.0 149.0 0
115.0 149.0 0
222.0 149.0 3
223.0 149.0 3
24.0 151.0 0
25.0 151.0 0
26.0 151.0 0
34.0 151.0 0
35.0 151.0 0
36.0 151.0 0
37.0 151.0 0
40.0 151.0 0
41.0 151.0 0
42.0 151.0 0
43.0 151.0 0
48.0 151.0 0
49.0 151.0 0
225.0 151.0 3
226.0 151.0 3
227.0 151.0 3
230.0 151.0 3
231.0 151.0 3
25.0 152.0 0
26.0 152.0 0
27.0 152.0 0
34.0 152.0 0
35.0 152.0 0
36.0 152.0 0
37.0 152.0 0
48.0 152.0 0
49.0 152.0 0
50.0 152.0 0
51.0 152.0 0
92.0 152.0 4
93.0 152.0 4
94.0 152.0 4
226.0 152.0 3
230.0 152.0 3
231.0 152.0 3
232.0 152.0 3
233.0 152.0 3
240.0 152.0 3
241.0 152.0 3
242.0 152.0 3
243.0 152.0 3
244.0 152.0 3
25.0 153.0 0
26.0 153.0 0
27.0 153.0 0
42.0 153.0 0
43.0 153.0 0
48.0 153.0 0
50.0 153.0 0
51.0 153.0 0
52.0 153.0 0
58.0 153.0 0
92.0 153.0 4
93.0 153.0 4
94.0 153.0 4
96.0 153.0 4
97.0 153.0 4
98.0 153.0 4
99.0 153.0 4
233.0 153.0 3
234.0 153.0 3
235.0 153.0 3
236.0 153.0 3
237.0 153.0 3
238.0 153.0 3
239.0 153.0 3
240.0 153.0 3
241.0 153.0 3
244.0 153.0 3
36.0 154.0 0
46.0 154.0 0
26.0 155.0 0
27.0 155.0 0
40.0 155.0 0
41.0 155.0 0
42.0 155.0 0
43.0 155.0 0
51.0 155.0 0
52.0 155.0 0
230.0 155.0 3
231.0 155.0 3
232.0 155.0 3
234.0 155.0 3
235.0 155.0 3
236.0 155.0 3
237.0 155.0 3
238.0 155.0 3
239.0 155.0 3
240.0 155.0 3
241.0 155.0 3
242.0 155.0 3
243.0 155.0 3
244.0 155.0 3
26.0 156.0 0
27.0 156.0 0
37.0 156.0 0
39.0 156.0 0
40.0 156.0 0
41.0 156.0 0
230.0 156.0 3
231.0 156.0 3
232.0 156.0 3
233.0 156.0 3
234.0 156.0 3
235.0 156.0 3
236.0 156.0 3
237.0 156.0 3
238.0 156.0 3
239.0 156.0 3
240.0 156.0 3
241.0 156.0 3
242.0 156.0 3
243.0 156.0 3
244.0 156.0 3
245.0 156.0 3
25.0 157.0 0
26.0 157.0 0
38.0 157.0 0
39.0 157.0 0
40.0 157.0 0
43.0 157.0 0
56.0 157.0 0
57.0 157.0 0
232.0 157.0 3
233.0 157.0 3
234.0 157.0 3
235.0 157.0 3
236.0 157.0 3
237.0 157.0 3
238.0 157.0 3
239.0 157.0 3
240.0 157.0 3
241.0 157.0 3
242.0 157.0 3
243.0 157.0 3
247.0 157.0 3
25.0 159.0 0
36.0 159.0 0
37.0 159.0 0
40.0 159.0 0
41.0 159.0 0
44.0 159.0 0
56.0 159.0 0
57.0 159.0 0
234.0 159.0 3
235.0 159.0 3
242.0 159.0 3
243.0 159.0 3
247.0 159.0 3
28.0 160.0 0
34.0 160.0 0
35.0 160.0 0
36.0 160.0 0
37.0 160.0 0
40.0 160.0 0
41.0 160.0 0
42.0 160.0 0
43.0 160.0 0
49.0 160.0 0
50.0 160.0 0
51.0 160.0 0
56.0 160.0 0
57.0 160.0 0
58.0 160.0 0
59.0 160.0 0
232.0 160.0 3
233.0 160.0 3
234.0 160.0 3
235.0 160.0 3
236.0 160.0 3
237.0 160.0 3
240.0 160.0 3
241.0 160.0 3
242.0 160.0 3
244.0 160.0 3
245.0 160.0 3
25.0 161.0 0
28.0 161.0 0
34.0 161.0 0
35.0 161.0 0
36.0 161.0 0
37.0 161.0 0
48.0 161.0 0
49.0 161.0 0
50.0 161.0 0
51.0 161.0 0
52.0 161.0 0
56.0 161.0 0
57.0 161.0 0
59.0 161.0 0
60.0 161.0 0
61.0 161.0 0
230.0 161.0 3
231.0 161.0 3
232.0 161.0 3
233.0 161.0 3
234.0 161.0 3
235.0 161.0 3
236.0 161.0 3
237.0 161.0 3
238.0 161.0 3
240.0 161.0 3
241.0 161.0 3
242.0 161.0 3
25.0 163.0 0
26.0 163.0 0
27.0 163.0 0
28.0 163.0 0
34.0 163.0 0
35.0 163.0 0
36.0 163.0 0
37.0 163.0 0
40.0 163.0 0
41.0 163.0 0
49.0 163.0 0
50.0 163.0 0
56.0 163.0 0
57.0 163.0 0
58.0 163.0 0
59.0 163.0 0
207.0 163.0 -1
232.0 163.0 3
233.0 163.0 3
244.0 163.0 3
245.0 163.0 3
27.0 164.0 0
35.0 164.0 0
36.0 164.0 0
37.0 164.0 0
38.0 164.0 0
40.0 164.0 0
41.0 164.0 0
48.0 164.0 0
49.0 164.0 0
50.0 164.0 0
56.0 164.0 0
57.0 164.0 0
244.0 164.0 3
245.0 164.0 3
26.0 165.0 0
27.0 165.0 0
28.0 165.0 0
29.0 165.0 0
34.0 165.0 0
35.0 165.0 0
36.0 165.0 0
37.0 165.0 0
38.0 165.0 0
44.0 165.0 0
55.0 165.0 0
56.0 165.0 0
57.0 165.0 0
27.0 167.0 0
30.0 167.0 0
34.0 167.0 0
35.0 167.0 0
43.0 167.0 0
55.0 167.0 0
56.0 167.0 0
57.0 167.0 0
30.0 168.0 0
31.0 168.0 0
34.0 168.0 0
35.0 168.0 0
56.0 168.0 0
57.0 168.0 0
31.0 169.0 0
47.0 170.0 0
48.0 170.0 0
40.0 172.0 0
41.0 172.0 0
59.0 172.0 0
37.0 173.0 0
38.0 173.0 0
39.0 173.0 0
40.0 173.0 0
41.0 173.0 0
135.0 176.0 -1
134.0 177.0 -1
135.0 177.0 -1
56.0 180.0 0
57.0 180.0 0
49.0 182.0 -1
261.0 188.0 5
243.0 195.0 5
248.0 195.0 5
240.0 196.0 5
241.0 196.0 5
250.0 196.0 5
251.0 196.0 5
240.0 198.0 5
241.0 198.0 5
242.0 198.0 5
243.0 198.0 5
246.0 198.0 5
247.0 198.0 5
248.0 198.0 5
250.0 198.0 5
251.0 198.0 5
252.0 198.0 5
253.0 198.0 5
254.0 198.0 5
255.0 198.0 5
257.0 198.0 5
260.0 198.0 5
261.0 198.0 5
240.0 199.0 5
241.0 199.0 5
242.0 199.0 5
243.0 199.0 5
246.0 199.0 5
247.0 199.0 5
248.0 199.0 5
249.0 199.0 5
250.0 199.0 5
251.0 199.0 5
252.0 199.0 5
253.0 199.0 5
254.0 199.0 5
255.0 199.0 5
256.0 199.0 5
257.0 199.0 5
258.0 199.0 5
259.0 199.0 5
260.0 199.0 5
261.0 199.0 5
240.0 200.0 5
241.0 200.0 5
242.0 200.0 5
243.0 200.0 5
244.0 200.0 5
245.0 200.0 5
246.0 200.0 5
248.0 200.0 5
249.0 200.0 5
256.0 200.0 5
257.0 200.0 5
262.0 200.0 5
263.0 200.0 5
242.0 202.0 5
250.0 202.0 5
251.0 202.0 5
252.0 202.0 5
259.0 202.0 5
260.0 202.0 5
261.0 202.0 5
262.0 202.0 5
263.0 202.0 5
242.0 203.0 5
245.0 203.0 5
246.0 203.0 5
247.0 203.0 5
248.0 203.0 5
249.0 203.0 5
250.0 203.0 5
251.0 203.0 5
252.0 203.0 5
255.0 203.0 5
259.0 203.0 5
260.0 203.0 5
261.0 203.0 5
262.0 203.0 5
263.0 203.0 5
244.0 204.0 5
245.0 204.0 5
246.0 204.0 5
247.0 204.0 5
248.0 204.0 5
249.0 204.0 5
250.0 204.0 5
251.0 204.0 5
252.0 204.0 5
254.0 204.0 5
255.0 204.0 5
256.0 204.0 5
257.0 204.0 5
262.0 204.0 5
263.0 204.0 5
245.0 206.0 5
247.0 206.0 5
248.0 206.0 5
249.0 206.0 5
250.0 206.0 5
251.0 206.0 5
252.0 206.0 5
253.0 206.0 5
244.0 207.0 5
245.0 207.0 5
246.0 207.0 5
247.0 207.0 5
248.0 207.0 5
249.0 207.0 5
250.0 207.0 5
251.0 207.0 5
252.0 207.0 5
253.0 207.0 5
263.0 207.0 5
240.0 209.0 5
241.0 209.0 5
245.0 209.0 5
252.0 209.0 5
253.0 209.0 5
240.0 210.0 5
241.0 210.0 5
245.0 210.0 5
248.0 210.0 5
249.0 210.0 5
238.0 211.0 5
239.0 211.0 5
240.0 211.0 5
241.0 211.0 5
246.0 211.0 5
250.0 211.0 5
251.0 211.0 5
252.0 211.0 5
263.0 211.0 5
44.0 213.0 -1
56.0 213.0 6
57.0 213.0 6
58.0 213.0 6
245.0 213.0 5
246.0 213.0 5
247.0 213.0 5
248.0 213.0 5
249.0 213.0 5
250.0 213.0 5
251.0 213.0 5
56.0 215.0 6
57.0 215.0 6
245.0 215.0 5
246.0 215.0 5
247.0 215.0 5
263.0 215.0 5
264.0 215.0 5
58.0 217.0 6
59.0 217.0 6
240.0 217.0 5
241.0 217.0 5
246.0 217.0 5
247.0 217.0 5
256.0 217.0 5
257.0 217.0 5
258.0 217.0 5
259.0 217.0 5
265.0 217.0 5
45.0 218.0 -1
246.0 218.0 5
247.0 218.0 5
248.0 218.0 5
249.0 218.0 5
260.0 218.0 5
242.0 219.0 5
243.0 219.0 5
41.0 221.0 -1
244.0 221.0 5
245.0 221.0 5
56.0 222.0 6
57.0 222.0 6
242.0 222.0 5
243.0 222.0 5
61.0 223.0 6
43.0 225.0 -1
59.0 225.0 6
60.0 225.0 6
61.0 225.0 6
43.0 226.0 -1
56.0 226.0 6
60.0 226.0 6
61.0 226.0 6
56.0 227.0 6
57.0 227.0 6
58.0 227.0 6
59.0 227.0 6
60.0 227.0 6
61.0 227.0 6
62.0 230.0 6
63.0 230.0 6
62.0 233.0 6
63.0 233.0 6
65.0 237.0 6
65.0 238.0 6
63.0 239.0 6
64.0 239.0 6
66.0 241.0 6
66.0 243.0 6
56.0 244.0 6
62.0 248.0 6
63.0 248.0 6
451.0 248.0 -1
456.0 248.0 -1
462.0 251.0 -1
463.0 251.0 -1
444.0 258.0 -1
445.0 258.0 -1
439.0 264.0 7
439.0 265.0 7
410.0 270.0 -1
411.0 270.0 -1
412.0 270.0 -1
413.0 270.0 -1
440.0 271.0 7
441.0 271.0 7
442.0 272.0 7
445.0 273.0 7
422.0 276.0 -1
423.0 276.0 -1
424.0 276.0 -1
425.0 276.0 -1
236.0 278.0 8
238.0 278.0 8
239.0 278.0 8
238.0 279.0 8
239.0 279.0 8
240.0 279.0 8
241.0 279.0 8
242.0 279.0 8
441.0 279.0 7
442.0 279.0 7
443.0 279.0 7
444.0 279.0 7
240.0 280.0 8
241.0 280.0 8
242.0 280.0 8
243.0 280.0 8
458.0 280.0 7
398.0 281.0 -1
453.0 281.0 7
454.0 281.0 7
455.0 281.0 7
456.0 281.0 7
457.0 281.0 7
458.0 281.0 7
459.0 281.0 7
460.0 281.0 7
452.0 282.0 7
453.0 282.0 7
454.0 282.0 7
455.0 282.0 7
456.0 282.0 7
457.0 282.0 7
458.0 282.0 7
459.0 282.0 7
246.0 283.0 8
247.0 283.0 8
248.0 283.0 8
458.0 283.0 7
459.0 283.0 7
460.0 283.0 7
461.0 283.0 7
462.0 283.0 7
250.0 284.0 8
255.0 284.0 8
257.0 284.0 8
258.0 284.0 8
386.0 284.0 -1
459.0 284.0 7
460.0 284.0 7
461.0 284.0 7
462.0 284.0 7
463.0 284.0 7
79.0 285.0 8
258.0 285.0 8
260.0 285.0 8
261.0 285.0 8
262.0 285.0 8
263.0 285.0 8
455.0 285.0 7
454.0 286.0 7
76.0 287.0 8
77.0 287.0 8
78.0 287.0 8
263.0 289.0 8
264.0 289.0 8
265.0 289.0 8
266.0 289.0 8
79.0 290.0 8
84.0 290.0 8
85.0 290.0 8
64.0 291.0 8
65.0 291.0 8
68.0 291.0 8
69.0 291.0 8
91.0 291.0 8
476.0 291.0 9
477.0 291.0 9
478.0 291.0 9
64.0 292.0 8
65.0 292.0 8
66.0 292.0 8
91.0 292.0 8
94.0 292.0 8
95.0 292.0 8
256.0 292.0 8
478.0 292.0 9
479.0 292.0 9
480.0 292.0 9
481.0 292.0 9
482.0 292.0 9
85.0 293.0 8
86.0 293.0 8
87.0 293.0 8
256.0 293.0 8
54.0 295.0 8
55.0 295.0 8
56.0 295.0 8
85.0 295.0 8
86.0 295.0 8
87.0 295.0 8
88.0 295.0 8
89.0 295.0 8
96.0 295.0 8
97.0 295.0 8
256.0 295.0 8
257.0 295.0 8
258.0 295.0 8
48.0 296.0 8
49.0 296.0 8
51.0 296.0 8
52.0 296.0 8
53.0 296.0 8
54.0 296.0 8
84.0 296.0 8
85.0 296.0 8
86.0 296.0 8
87.0 296.0 8
88.0 296.0 8
89.0 296.0 8
96.0 296.0 8
97.0 296.0 8
257.0 296.0 8
258.0 296.0 8
259.0 296.0 8
272.0 296.0 8
273.0 296.0 8
274.0 296.0 8
275.0 296.0 8
484.0 296.0 9
485.0 296.0 9
98.0 297.0 8
99.0 297.0 8
46.0 298.0 8
47.0 298.0 8
48.0 298.0 8
49.0 298.0 8
254.0 298.0 8
255.0 298.0 8
259.0 298.0 8
277.0 298.0 8
278.0 298.0 8
486.0 298.0 9
487.0 298.0 9
488.0 298.0 9
86.0 299.0 8
87.0 299.0 8
234.0 299.0 8
254.0 299.0 8
255.0 299.0 8
256.0 299.0 8
257.0 299.0 8
258.0 299.0 8
259.0 299.0 8
260.0 299.0 8
261.0 299.0 8
274.0 299.0 8
277.0 299.0 8
278.0 299.0 8
417.0 299.0 -1
418.0 299.0 -1
419.0 299.0 -1
486.0 299.0 9
487.0 299.0 9
488.0 299.0 9
489.0 299.0 9
490.0 299.0 9
40.0 300.0 8
41.0 300.0 8
42.0 300.0 8
43.0 300.0 8
44.0 300.0 8
86.0 300.0 8
103.0 300.0 8
235.0 300.0 8
256.0 300.0 8
274.0 300.0 8
277.0 300.0 8
278.0 300.0 8
279.0 300.0 8
280.0 300.0 8
488.0 300.0 9
489.0 300.0 9
490.0 300.0 9
491.0 300.0 9
56.0 301.0 8
57.0 301.0 8
58.0 301.0 8
59.0 301.0 8
67.0 301.0 8
72.0 301.0 8
75.0 301.0 8
93.0 301.0 8
94.0 301.0 8
95.0 301.0 8
96.0 301.0 8
97.0 301.0 8
98.0 301.0 8
99.0 301.0 8
247.0 301.0 8
248.0 301.0 8
33.0 302.0 8
43.0 302.0 8
80.0 302.0 8
81.0 302.0 8
82.0 302.0 8
85.0 302.0 8
86.0 302.0 8
87.0 302.0 8
246.0 302.0 8
249.0 302.0 8
274.0 302.0 8
275.0 302.0 8
279.0 302.0 8
32.0 303.0 8
77.0 303.0 8
86.0 303.0 8
247.0 303.0 8
249.0 303.0 8
280.0 303.0 8
281.0 303.0 8
282.0 303.0 8
283.0 303.0 8
284.0 303.0 8
285.0 303.0 8
30.0 304.0 8
31.0 304.0 8
32.0 304.0 8
33.0 304.0 8
78.0 304.0 8
234.0 304.0 8
235.0 304.0 8
246.0 304.0 8
249.0 304.0 8
275.0 304.0 8
281.0 304.0 8
285.0 304.0 8
498.0 304.0 9
30.0 305.0 8
31.0 305.0 8
32.0 305.0 8
53.0 305.0 8
54.0 305.0 8
55.0 305.0 8
56.0 305.0 8
57.0 305.0 8
90.0 305.0 8
72.0 306.0 8
258.0 306.0 8
259.0 306.0 8
276.0 306.0 8
277.0 306.0 8
282.0 306.0 8
283.0 306.0 8
26.0 307.0 8
27.0 307.0 8
71.0 307.0 8
259.0 307.0 8
276.0 307.0 8
277.0 307.0 8
282.0 307.0 8
283.0 307.0 8
284.0 307.0 8
285.0 307.0 8
26.0 308.0 8
27.0 308.0 8
236.0 308.0 8
258.0 308.0 8
259.0 308.0 8
276.0 308.0 8
283.0 308.0 8
57.0 309.0 8
60.0 309.0 8
61.0 309.0 8
63.0 309.0 8
64.0 309.0 8
65.0 309.0 8
81.0 309.0 8
82.0 309.0 8
94.0 309.0 8
98.0 309.0 8
99.0 309.0 8
256.0 309.0 8
257.0 309.0 8
18.0 310.0 8
19.0 310.0 8
20.0 310.0 8
21.0 310.0 8
258.0 310.0 8
259.0 310.0 8
284.0 310.0 8
285.0 310.0 8
18.0 311.0 8
19.0 311.0 8
256.0 311.0 8
258.0 311.0 8
259.0 311.0 8
263.0 311.0 8
284.0 311.0 8
285.0 311.0 8
18.0 312.0 8
19.0 312.0 8
20.0 312.0 8
21.0 312.0 8
22.0 312.0 8
23.0 312.0 8
24.0 312.0 8
25.0 312.0 8
27.0 312.0 8
28.0 312.0 8
234.0 312.0 8
235.0 312.0 8
251.0 312.0 8
257.0 312.0 8
258.0 312.0 8
259.0 312.0 8
260.0 312.0 8
261.0 312.0 8
262.0 312.0 8
263.0 312.0 8
278.0 312.0 8
284.0 312.0 8
285.0 312.0 8
286.0 312.0 8
21.0 313.0 8
22.0 313.0 8
23.0 313.0 8
36.0 313.0 8
37.0 313.0 8
41.0 313.0 8
49.0 313.0 8
55.0 313.0 8
57.0 313.0 8
58.0 313.0 8
59.0 313.0 8
60.0 313.0 8
62.0 313.0 8
63.0 313.0 8
64.0 313.0 8
66.0 313.0 8
76.0 313.0 8
77.0 313.0 8
84.0 313.0 8
85.0 313.0 8
262.0 313.0 8
263.0 313.0 8
16.0 314.0 8
17.0 314.0 8
18.0 314.0 8
19.0 314.0 8
20.0 314.0 8
21.0 314.0 8
24.0 314.0 8
25.0 314.0 8
236.0 314.0 8
237.0 314.0 8
263.0 314.0 8
276.0 314.0 8
284.0 314.0 8
285.0 314.0 8
286.0 314.0 8
287.0 314.0 8
288.0 314.0 8
16.0 315.0 8
17.0 315.0 8
20.0 315.0 8
21.0 315.0 8
24.0 315.0 8
25.0 315.0 8
263.0 315.0 8
276.0 315.0 8
285.0 315.0 8
286.0 315.0 8
287.0 315.0 8
288.0 315.0 8
289.0 315.0 8
290.0 315.0 8
16.0 316.0 8
17.0 316.0 8
22.0 316.0 8
23.0 316.0 8
24.0 316.0 8
27.0 316.0 8
106.0 316.0 8
234.0 316.0 8
236.0 316.0 8
237.0 316.0 8
260.0 316.0 8
263.0 316.0 8
276.0 316.0 8
286.0 316.0 8
287.0 316.0 8
288.0 316.0 8
289.0 316.0 8
290.0 316.0 8
39.0 317.0 8
40.0 317.0 8
41.0 317.0 8
42.0 317.0 8
44.0 317.0 8
45.0 317.0 8
51.0 317.0 8
57.0 317.0 8
58.0 317.0 8
85.0 317.0 8
89.0 317.0 8
97.0 317.0 8
99.0 317.0 8
100.0 317.0 8
102.0 317.0 8
234.0 317.0 8
235.0 317.0 8
260.0 317.0 8
261.0 317.0 8
14.0 318.0 8
15.0 318.0 8
16.0 318.0 8
17.0 318.0 8
18.0 318.0 8
19.0 318.0 8
286.0 318.0 8
287.0 318.0 8
12.0 319.0 8
13.0 319.0 8
14.0 319.0 8
15.0 319.0 8
19.0 319.0 8
20.0 319.0 8
21.0 319.0 8
276.0 319.0 8
277.0 319.0 8
290.0 319.0 8
0.0 320.0 8
1.0 320.0 8
2.0 320.0 8
3.0 320.0 8
6.0 320.0 8
7.0 320.0 8
14.0 320.0 8
15.0 320.0 8
16.0 320.0 8
17.0 320.0 8
236.0 320.0 8
237.0 320.0 8
252.0 320.0 8
253.0 320.0 8
